01020
01040
01085
01089
01201
01420
01453
01545
01604
01701
01752
01757
01760
01801
01803
01810
01821
01824
01826
01841
01844
01845
01851
01867
01876
01880
01886
01887
01902
01906
01915
01923
01930
01960
01970
02026
02038
02048
02062
02072
02124
02125
02127
02130
02131
02132
02135
02136
02138
02148
02149
02150
02151
02155
02169
02176
02184
02186
02301
02360
02368
02446
02453
02472
02474
02478
02703
02720
02740
02760
02780
02816
02852
02860
02864
02886
02893
02895
02904
02919
02920
03038
03051
03053
03054
03060
03102
03301
03820
04103
04106
04240
04401
06010
06033
06051
06066
06074
06082
06095
06106
06109
06111
06118
06340
06360
06405
06410
06450
06457
06473
06484
06489
06492
06511
06512
06514
06516
06606
06611
06614
06705
06770
06776
06790
06810
06824
06851
06877
06880
06902
07002
07003
07006
07011
07016
07017
07024
07026
07030
07032
07036
07039
07040
07042
07047
07050
07052
07054
07055
07060
07065
07076
07080
07083
07087
07093
07103
07109
07110
07111
07202
07302
07410
07424
07430
07450
07470
07501
07601
07621
07631
07652
07666
07675
07712
07726
07728
07731
07740
07747
07753
07840
07860
07866
07920
07960
08003
08012
08021
08037
08043
08046
08050
08053
08054
08060
08075
08080
08081
08087
08088
08094
08096
08105
08205
08234
08302
08330
08332
08360
08401
08520
08527
08540
08610
08648
08701
08723
08742
08753
08759
08807
08816
08817
08822
08831
08844
08854
08857
08859
08861
08865
08873
08901
08902
10002
10301
10451
10512
10541
10550
10562
10573
10583
10598
10701
10801
10950
10952
10954
10956
10977
11001
11003
11010
11040
11050
11102
11104
11201
11354
11357
11361
11364
11365
11368
11369
11372
11373
11374
11375
11377
11378
11379
11412
11413
11414
11417
11418
11419
11420
11421
11422
11423
11432
11510
11520
11530
11542
11550
11552
11553
11554
11561
11566
11570
11572
11580
11590
11691
11701
11704
11706
11710
11714
11717
11720
11722
11725
11727
11729
11731
11735
11741
11743
11746
11756
11757
11758
11762
11772
11776
11779
11784
11787
11791
11793
11795
11801
11803
11967
12010
12020
12065
12180
12203
12302
12401
12533
12550
12553
12590
12601
12804
12866
12901
13021
13027
13090
13126
13440
13501
13760
14043
14075
14086
14094
14120
14127
14150
14215
14304
14424
14450
14534
14580
14606
14701
14850
15001
15010
15044
15068
15101
15102
15108
15146
15206
15301
15317
15401
15601
15642
15650
15701
16001
16066
16101
16335
16506
16601
16801
17011
17013
17022
17036
17042
17050
17109
17201
17268
17325
17331
17402
17522
17543
17701
18015
18042
18052
18062
18064
18102
18201
18301
18360
18702
18901
18940
18944
18951
18966
18974
19002
19013
19020
19026
19038
19047
19050
19053
19061
19063
19064
19067
19082
19083
19111
19320
19335
19355
19380
19401
19406
19426
19438
19446
19454
19460
19464
19468
19701
20109
20120
20136
20147
20155
20164
20170
20175
20191
20601
20705
20706
20707
20715
20735
20743
20744
20745
20746
20747
20748
20772
20782
20814
20815
20832
20850
20854
20874
20877
20886
20901
21009
21014
21030
21042
21044
21060
21075
21093
21113
21114
21117
21122
21133
21136
21144
21146
21157
21206
21207
21208
21220
21221
21222
21227
21228
21234
21236
21244
21401
21701
21740
21771
21784
21801
21921
22003
22015
22030
22041
22079
22101
22180
22191
22304
22405
22554
22601
22630
22701
22801
22901
23059
23111
23112
23139
23185
23223
23228
23320
23434
23451
23503
23601
23666
23693
23703
23803
23832
23834
23860
24012
24060
24073
24112
24401
24502
24540
25801
26003
26101
26301
26508
26554
27012
27028
27103
27205
27253
27265
27284
27292
27302
27320
27330
27360
27405
27502
27511
27516
27520
27526
27529
27530
27540
27587
27603
27703
27804
27834
27870
27893
27909
28031
28052
28078
28079
28086
28092
28104
28115
28173
28205
28303
28348
28358
28376
28451
28540
28560
28601
28625
28645
28655
28752
28792
28803
29063
29150
29301
29349
29406
29440
29445
29456
29461
29464
29483
29501
29526
29550
29576
29577
29621
29640
29646
29650
29673
29680
29687
29708
29710
29730
29803
29841
29910
30004
30008
30012
30014
30019
30024
30030
30038
30039
30040
30043
30047
30052
30075
30080
30083
30084
30092
30096
30101
30114
30117
30120
30126
30127
30132
30134
30144
30180
30188
30213
30223
30236
30240
30252
30263
30269
30274
30281
30294
30303
30518
30534
30542
30605
30680
30701
30705
30721
30736
30741
30809
30813
30815
30906
31021
31061
31088
31204
31313
31404
31525
31601
31904
32003
32034
32043
32065
32068
32082
32084
32127
32137
32159
32162
32174
32250
32259
32303
32404
32503
32533
32547
32566
32578
32703
32707
32708
32714
32720
32725
32746
32765
32779
32780
32792
32806
32904
32907
32927
32937
32955
32958
33009
33010
33020
33028
33030
33040
33054
33056
33060
33125
33139
33160
33308
33404
33410
33414
33428
33435
33442
33445
33458
33460
33470
33510
33569
33594
33604
33702
33756
33771
33801
33823
33844
33880
33904
33905
33917
33952
34116
34135
34203
34221
34231
34293
34491
34608
34639
34653
34668
34683
34698
34711
34741
34761
34786
34787
34952
34990
34997
35007
35124
35173
35209
35405
35640
35758
35803
36067
36109
36301
36330
36526
36532
36605
37013
37040
37055
37066
37072
37076
37086
37110
37122
37128
37160
37205
37312
37343
37363
37379
37388
37421
37601
37643
37659
37660
37803
37830
37849
37876
37918
38016
38017
38024
38053
38106
38501
38632
38637
38654
38655
38671
38801
39120
39180
39208
39401
39503
39532
39564
39759
40004
40165
40207
40356
40601
41017
41018
41051
42001
42101
42141
42240
42301
42420
42431
43015
43026
43035
43040
43062
43068
43081
43110
43119
43123
43147
43420
43512
43537
43551
43560
43612
43701
44004
44012
44024
44035
44039
44052
44060
44070
44077
44094
44095
44122
44133
44136
44139
44145
44146
44203
44221
44224
44240
44256
44266
44281
44312
44406
44512
44601
44646
44663
44691
44720
44805
44870
44883
45011
45039
45040
45066
45103
45140
45211
45324
45342
45356
45365
45385
45420
45601
45840
46037
46060
46077
46112
46123
46140
46201
46304
46307
46321
46322
46342
46350
46360
46368
46375
46383
46410
46514
46526
46530
46544
46614
46804
46901
46947
47130
47150
47274
47302
47401
47711
47802
47905
47906
47933
48021
48035
48042
48045
48047
48060
48066
48067
48071
48076
48089
48101
48103
48124
48127
48146
48150
48167
48174
48178
48180
48185
48192
48195
48197
48205
48212
48236
48237
48239
48310
48322
48329
48331
48348
48423
48430
48439
48446
48504
48601
48640
48706
48823
48867
48910
49009
49015
49022
49085
49120
49221
49341
49417
49418
49423
49426
49428
49441
49464
49503
49509
49684
49855
50010
50023
50158
50265
50310
50322
50401
50501
50613
50701
51106
51501
52001
52240
52402
52501
52722
52761
52804
53045
53051
53066
53072
53081
53095
53140
53150
53151
53154
53186
53204
53402
53511
53546
53562
53590
54115
54130
54220
54302
54401
54449
54481
54494
54601
54650
54701
54729
54880
54901
54911
54935
54952
54956
55014
55016
55021
55033
55044
55060
55068
55082
55104
55303
55311
55316
55318
55330
55337
55343
55347
55372
55378
55379
55406
55912
55987
56001
56301
56401
56560
56601
57103
57401
57701
58078
58102
58201
58501
58701
59101
59404
59601
59701
59715
59801
59901
60004
60007
60008
60010
60014
60015
60016
60025
60030
60031
60035
60046
60047
60048
60050
60053
60056
60060
60061
60062
60067
60068
60073
60076
60085
60089
60091
60099
60101
60102
60103
60107
60110
60115
60120
60133
60134
60137
60139
60142
60148
60156
60169
60172
60174
60181
60185
60187
60188
60193
60201
60402
60409
60411
60426
60435
60439
60440
60446
60448
60451
60452
60453
60459
60462
60466
60515
60559
60621
61350
61604
61821
63109
64151
65401
66801
67037
68107
68506
68801
70001
70115
70301
70605
70663
70806
71730
72209
73072
73112
74403
74820
75043
75080
75088
75115
75126
75604
76039
76110
76522
76901
77016
77478
77566
77904
78023
78213
78418
78501
78552
79106
79930
80003
80123
80241
80911
81001
83301
83651
84010
84067
84119
84404
85021
85203
85224
85302
85326
85351
85365
85718
89523
90008
90260
90274
90278
90403
90505
91010
91316
91387
91733
91740
91762
91768
91784
92083
92111
92220
92236
92307
92806
92831
93035
93306
93555
93635
93706
94043
94070
94566
94580
94603
94806
95008
95050
95060
95127
95301
95677
95820
95993
96815
97062
97124
97402
97603
98037
98144
98290
98444
98503
98512
98604
98607
98801
98837
98908
99337
99504
99654